# Blender 4.1.1
# www.blender.org
mtllib sign-bottom.mtl
o Cube_Cube.001
v 2.482040 3.665797 0.147431
v 2.543930 3.665797 -0.083545
v 2.251064 3.665797 0.085541
v 2.312953 3.665797 -0.145435
v 2.482040 3.426673 0.147431
v 2.543930 3.426673 -0.083545
v 2.251064 3.426673 0.085541
v 2.312953 3.426673 -0.145435
v 2.482040 1.313277 0.147431
v 2.543929 1.313277 -0.083545
v 2.251064 1.313277 0.085541
v 2.312953 1.313277 -0.145435
v 2.482039 0.141984 0.147431
v 2.543929 0.141984 -0.083545
v 2.251063 0.141984 0.085541
v 2.312953 0.141984 -0.145435
vn -0.0000 1.0000 -0.0000
vn -0.9659 -0.0000 -0.2588
vn 0.2588 -0.0000 -0.9659
vn 0.9659 -0.0000 0.2588
vn -0.2588 -0.0000 0.9659
vn -0.0000 -1.0000 -0.0000
vt 0.997087 0.134731
vt 0.802913 0.134731
vt 0.802913 0.068848
vt 0.997087 0.068848
vt 0.602913 0.014563
vt 0.797088 0.014563
vt 0.797088 0.080446
vt 0.602913 0.080446
vt 0.597088 0.919554
vt 0.402913 0.919554
vt 0.402914 0.337275
vt 0.597088 0.337275
vt 0.002914 0.919554
vt 0.197088 0.919554
vt 0.197088 0.985437
vt 0.002914 0.985437
vt 0.202914 0.985437
vt 0.202914 0.919554
vt 0.397088 0.919554
vt 0.397088 0.985437
vt 0.597088 0.985437
vt 0.402913 0.985437
vt 0.197087 0.337275
vt 0.002913 0.337275
vt 0.002913 0.014563
vt 0.197087 0.014563
vt 0.797088 0.662725
vt 0.602913 0.662725
vt 0.202914 0.337275
vt 0.397088 0.337275
vt 0.997087 0.000988
vt 0.997087 0.066871
vt 0.802913 0.066871
vt 0.802913 0.000988
vt 0.202914 0.014563
vt 0.397088 0.014563
vt 0.402914 0.014563
vt 0.597088 0.014563
vt 0.797088 0.985437
vt 0.602913 0.985437
s 0
usemtl Material.003
f 1/1/1 2/2/1 4/3/1 3/4/1
f 3/5/2 4/6/2 8/7/2 7/8/2
f 8/9/3 6/10/3 10/11/3 12/12/3
f 5/13/4 6/14/4 2/15/4 1/16/4
f 3/17/5 7/18/5 5/19/5 1/20/5
f 8/9/3 4/21/3 2/22/3 6/10/3
f 10/23/4 9/24/4 13/25/4 14/26/4
f 7/8/2 8/7/2 12/27/2 11/28/2
f 6/14/4 5/13/4 9/24/4 10/23/4
f 5/19/5 7/18/5 11/29/5 9/30/5
f 15/31/6 16/32/6 14/33/6 13/34/6
f 9/30/5 11/29/5 15/35/5 13/36/5
f 12/12/3 10/11/3 14/37/3 16/38/3
f 11/28/2 12/27/2 16/39/2 15/40/2
o Cube_Cube.002
v -0.687834 3.665797 0.343093
v -0.749724 3.665797 0.112117
v -0.918811 3.665797 0.404983
v -0.980700 3.665797 0.174007
v -0.687834 3.426673 0.343093
v -0.749724 3.426673 0.112117
v -0.918811 3.426673 0.404983
v -0.980700 3.426673 0.174007
v -0.687835 1.313277 0.343093
v -0.749724 1.313277 0.112117
v -0.918811 1.313277 0.404983
v -0.980700 1.313277 0.174007
v -0.687835 0.141984 0.343093
v -0.749724 0.141984 0.112117
v -0.918811 0.141984 0.404983
v -0.980701 0.141984 0.174007
vn -0.0000 1.0000 -0.0000
vn -0.9659 -0.0000 0.2588
vn -0.2588 -0.0000 -0.9659
vn 0.9659 -0.0000 -0.2588
vn 0.2588 -0.0000 0.9659
vn -0.0000 -1.0000 -0.0000
vt 0.997087 0.134731
vt 0.802913 0.134731
vt 0.802913 0.068848
vt 0.997087 0.068848
vt 0.602913 0.014563
vt 0.797088 0.014563
vt 0.797088 0.080446
vt 0.602913 0.080446
vt 0.597088 0.919554
vt 0.402913 0.919554
vt 0.402914 0.337275
vt 0.597088 0.337275
vt 0.002914 0.919554
vt 0.197088 0.919554
vt 0.197088 0.985437
vt 0.002914 0.985437
vt 0.202914 0.985437
vt 0.202914 0.919554
vt 0.397088 0.919554
vt 0.397088 0.985437
vt 0.597088 0.985437
vt 0.402913 0.985437
vt 0.197087 0.337275
vt 0.002913 0.337275
vt 0.002913 0.014563
vt 0.197087 0.014563
vt 0.797088 0.662725
vt 0.602913 0.662725
vt 0.202914 0.337275
vt 0.397088 0.337275
vt 0.997087 0.000988
vt 0.997087 0.066871
vt 0.802913 0.066871
vt 0.802913 0.000988
vt 0.202914 0.014563
vt 0.397088 0.014563
vt 0.402914 0.014563
vt 0.597088 0.014563
vt 0.797088 0.985437
vt 0.602913 0.985437
s 0
usemtl Material.004
f 17/41/7 18/42/7 20/43/7 19/44/7
f 19/45/8 20/46/8 24/47/8 23/48/8
f 24/49/9 22/50/9 26/51/9 28/52/9
f 21/53/10 22/54/10 18/55/10 17/56/10
f 19/57/11 23/58/11 21/59/11 17/60/11
f 24/49/9 20/61/9 18/62/9 22/50/9
f 26/63/10 25/64/10 29/65/10 30/66/10
f 23/48/8 24/47/8 28/67/8 27/68/8
f 22/54/10 21/53/10 25/64/10 26/63/10
f 21/59/11 23/58/11 27/69/11 25/70/11
f 31/71/12 32/72/12 30/73/12 29/74/12
f 25/70/11 27/69/11 31/75/11 29/76/11
f 28/52/9 26/51/9 30/77/9 32/78/9
f 27/68/8 28/67/8 32/79/8 31/80/8
